 0.03300  1.00000 0.00000 1.00000 0.00000 0.00000 0.00000 0.00000 
 0.03500  1.00000 0.00000 1.00000 0.00000 0.00000 0.00000 0.00000 
 0.03700  1.00000 0.00000 1.00000 0.00000 0.00000 0.00000 0.00000 
 0.03900  1.00000 0.00000 1.00000 0.00000 0.00000 0.00000 0.00000 
 0.04100  1.00000 0.00000 1.00000 0.00000 0.00000 0.00000 0.00000 
 0.04300  1.00000 0.00000 1.00000 0.00000 0.00000 0.00000 0.00000 
 0.04500  1.00000 0.00000 1.00000 0.00000 0.00000 0.00000 0.00000 
 0.04700  1.00000 0.00000 1.00000 0.00000 0.00000 0.00000 0.00000 
 0.04900  1.00000 0.00000 1.00000 0.00000 0.00000 0.00000 0.00000 
 0.05100  1.00000 0.00000 1.00000 0.00000 0.00000 0.00000 0.00000 
 0.05300  1.00000 0.00000 1.00000 0.00000 0.00000 0.00000 0.00000 
 0.05500  1.00000 0.00000 1.00000 0.00000 0.00000 0.00000 0.00000 
 0.05700  1.00000 0.00000 1.00000 0.00000 0.00000 0.00000 0.00000 
 0.05900  1.00000 0.00000 1.00000 0.00000 0.00000 0.00000 0.00000 
 0.06100  1.00000 0.00000 1.00000 0.00000 0.00000 0.00000 0.00000 
 0.06300  1.00000 0.00000 1.00000 0.00000 0.00000 0.00000 0.00000 
 0.06500  1.00000 0.00000 1.00000 0.00000 0.00000 0.00000 0.00000 
 0.06700  1.00000 0.00000 1.00000 0.00000 0.00000 0.00000 0.00000 
 0.06900  1.00000 0.00000 1.00000 0.00000 0.00000 0.00000 0.00000 
 0.07100  1.00000 0.00000 1.00000 0.00000 0.00000 0.00000 0.00000 
 0.07300  1.00000 0.00000 1.00000 0.00000 0.00000 0.00000 0.00000 
 0.07500  1.00000 0.00000 1.00000 0.00000 0.00000 0.00000 0.00000 
 0.07700  1.00000 0.00000 1.00000 0.00000 0.00000 0.00000 0.00000 
 0.07900  1.00000 0.00000 1.00000 0.00000 0.00000 0.00000 0.00000 
 0.08100  1.00000 0.00000 1.00000 0.00000 0.00000 0.00000 0.00000 
 0.08300  1.00000 0.00000 1.00000 0.00000 0.00000 0.00000 0.00000 
 0.08500  1.00000 0.00000 1.00000 0.00000 0.00000 0.00000 0.00000 
 0.08700  1.00000 0.00000 1.00000 0.00000 0.00000 0.00000 0.00000 
 0.08900  1.00000 0.00000 1.00000 0.00000 0.00000 0.00000 0.00000 
 0.09100  1.00000 0.00000 1.00000 0.00000 0.00000 0.00000 0.00000 
 0.09300  1.00000 0.00000 1.00000 0.00000 0.00000 0.00000 0.00000 
 0.09500  1.00000 0.00000 1.00000 0.00000 0.00000 0.00000 0.00000 
 0.09700  1.00000 0.00000 1.00000 0.00000 0.00000 0.00000 0.00000 
 0.09900  1.00000 0.00000 1.00000 0.00000 0.00000 0.00000 0.00000 
 0.10100  1.00000 0.00000 1.00000 0.00000 0.00000 0.00000 0.00000 
