 0.00100  0.06117 0.22353 0.00563 0.07948 0.50038 0.03853 0.30879 
 0.00300  0.06509 0.22260 0.01031 0.07915 0.46846 0.06226 0.28396 
 0.00500  0.06880 0.22171 0.01544 0.07883 0.44006 0.08462 0.26204 
 0.00700  0.07269 0.22079 0.02099 0.07850 0.41480 0.10629 0.24207 
 0.00900  0.07665 0.21984 0.02712 0.07817 0.39206 0.12693 0.22402 
 0.01100  0.08093 0.21883 0.03380 0.07781 0.37161 0.14671 0.20749 
 0.01300  0.08492 0.21788 0.04080 0.07747 0.35283 0.16523 0.19272 
 0.01500  0.08896 0.21691 0.04826 0.07713 0.33560 0.18278 0.17926 
 0.01700  0.09303 0.21595 0.05617 0.07678 0.31967 0.19939 0.16694 
 0.01900  0.09717 0.21496 0.06457 0.07643 0.30489 0.21507 0.15563 
 0.02100  0.10138 0.21396 0.07347 0.07607 0.29108 0.22987 0.14520 
 0.02300  0.10568 0.21293 0.08289 0.07571 0.27813 0.24378 0.13554 
 0.02500  0.10985 0.21194 0.09233 0.07536 0.26603 0.25701 0.12664 
 0.02700  0.11452 0.21083 0.10324 0.07496 0.25439 0.26909 0.11824 
 0.02900  0.11922 0.20971 0.11449 0.07456 0.24338 0.28040 0.11042 
 0.03100  0.12403 0.20856 0.12632 0.07416 0.23288 0.29088 0.10309 
 0.03300  0.12882 0.20742 0.13838 0.07375 0.22291 0.30065 0.09626 
 0.03500  0.13414 0.20616 0.15197 0.07330 0.21316 0.30926 0.08971 
 0.03700  0.13880 0.20505 0.16420 0.07291 0.20418 0.31755 0.08394 
 0.03900  0.14521 0.20352 0.18097 0.07236 0.19474 0.32393 0.07772 
 0.04100  0.15123 0.20209 0.19702 0.07185 0.18588 0.32976 0.07213 
 0.04300  0.15690 0.20074 0.21242 0.07137 0.17753 0.33511 0.06708 
 0.04500  0.16452 0.19892 0.23286 0.07073 0.16861 0.33806 0.06160 
 0.04700  0.17179 0.19719 0.25261 0.07011 0.16018 0.34047 0.05666 
 0.04900  0.17954 0.19535 0.27373 0.06946 0.15184 0.34165 0.05189 
 0.05100  0.18912 0.19307 0.29915 0.06865 0.14301 0.34013 0.04704 
 0.05300  0.19929 0.19065 0.32616 0.06778 0.13422 0.33715 0.04235 
 0.05500  0.21103 0.18785 0.35682 0.06679 0.12508 0.33163 0.03765 
 0.05700  0.22496 0.18453 0.39239 0.06561 0.11536 0.32284 0.03286 
 0.05900  0.24539 0.17967 0.44126 0.06388 0.10356 0.30617 0.02742 
 0.06100  0.27717 0.17210 0.51256 0.06119 0.08804 0.27639 0.02079 
