 7.50000  0.27621 0.17233 0.46337 0.08170 0.11779 0.26359 0.03128 
 8.00000  0.22455 0.18463 0.35523 0.08206 0.14486 0.30270 0.04487 
 8.50000  0.19547 0.19155 0.29174 0.08013 0.16149 0.31913 0.05460 
 9.00000  0.17579 0.19624 0.24843 0.07753 0.17333 0.32574 0.06239 
 9.50000  0.16016 0.19996 0.21437 0.07484 0.18293 0.32839 0.06917 
 10.00000  0.14830 0.20270 0.18910 0.07210 0.19020 0.32680 0.07480 
 10.50000  0.13781 0.20528 0.16721 0.06951 0.19674 0.32470 0.08007 
 11.00000  0.12938 0.20729 0.15020 0.06700 0.20191 0.32041 0.08456 
 11.50000  0.12186 0.20908 0.13536 0.06464 0.20651 0.31582 0.08870 
 12.00000  0.11526 0.21065 0.12269 0.06242 0.21053 0.31076 0.09245 
 12.50000  0.10939 0.21205 0.11174 0.06032 0.21406 0.30543 0.09587 
 13.00000  0.10428 0.21327 0.10256 0.05833 0.21711 0.29975 0.09900 
 13.50000  0.09959 0.21438 0.09432 0.05646 0.21987 0.29413 0.10189 
 14.00000  0.09534 0.21539 0.08707 0.05470 0.22235 0.28850 0.10456 
 14.50000  0.09147 0.21632 0.08064 0.05304 0.22458 0.28291 0.10703 
 15.00000  0.08791 0.21716 0.07491 0.05148 0.22660 0.27739 0.10933 
 15.50000  0.08465 0.21794 0.06979 0.04999 0.22844 0.27198 0.11147 
 16.00000  0.08162 0.21866 0.06518 0.04859 0.23012 0.26668 0.11348 
 16.50000  0.07882 0.21933 0.06101 0.04726 0.23167 0.26150 0.11535 
 17.00000  0.07622 0.21995 0.05724 0.04600 0.23308 0.25646 0.11711 
 17.50000  0.07379 0.22053 0.05381 0.04481 0.23439 0.25155 0.11877 
 18.00000  0.07151 0.22107 0.05069 0.04367 0.23561 0.24678 0.12033 
 18.50000  0.06938 0.22158 0.04783 0.04259 0.23673 0.24215 0.12180 
 19.00000  0.06737 0.22205 0.04520 0.04155 0.23778 0.23766 0.12319 
 19.50000  0.06549 0.22250 0.04279 0.04057 0.23876 0.23329 0.12451 
 20.00000  0.06370 0.22293 0.04057 0.03963 0.23967 0.22906 0.12576 
